1015.1  272.0650381     2.519808945     0.2077  -0.332434854
1000    274.4268        2.025539755     1.8914  -0.6522
975     278.2496        1.312230353     5.0104  -2.6062
950     278.911         1.058697369     7.7805  -4.7112
925     278.7587        1.031554812     9.5397  -5.9602
900     279.0295        0.948832962     10.6848 -7.1237
875     279.5273        0.861413077     11.0733 -8.7763
850     280.2996        0.757303499     10.3172 -9.3299
825     281.2125        0.691090102     9.7977  -9.0184
800     282.15    	0.67		 9.65    -8.9  



